{
    "vx300s": {
        "meshes": "~/Workspaces/interbotix_ws/src/interbotix_ros_manipulators/interbotix_ros_xsarms/interbotix_xsarm_descriptions/meshes/vx300s_meshes/", 
        "urdf": "./vx300s.urdf", 
        "M": [
            [0.14888680899345158, -0.0008457830334202312, 7.46194961644922e-07, -0.0009544598609929171, -5.102050383550857e-07, -0.00045492829152764215, 0.0, 0.017931701047999998, 0.017931701047999998], 
            [-0.0008457830334202312, 0.30364727011984083, 0.12368036280296638, -0.0007871224757604438, 0.02239056685303962, 4.83259047239069e-06, 0.0, 0.0, 0.0], 
            [7.46194961644922e-07, 0.12368036280296638, 0.10416839330609103, -0.0006190864381781149, 0.01905988767121977, 4.828749424787329e-06, 0.0, 0.0, 0.0], 
            [-0.0009544598609929171, -0.0007871224757604438, -0.0006190864381781149, 0.0009498670958820658, 4.831244446346547e-06, 0.00069733930010024, 4.297900000006505e-06, 0.0, 0.0], 
            [-5.102050383550857e-07, 0.02239056685303962, 0.01905988767121977, 4.831244446346547e-06, 0.005646977471119768, 4.809399059027324e-06, 0.0, 0.0, 0.0], 
            [-0.00045492829152764215, 4.83259047239069e-06, 4.828749424787329e-06, 0.00069733930010024, 4.809399059027324e-06, 0.00069733930010024, 4.297900000006505e-06, 0.0, 0.0], 
            [0.0, 0.0, 0.0, 4.297900000006505e-06, 0.0, 4.297900000006505e-06, 4.297900000006505e-06, 0.0, 0.0], 
            [0.017931701047999998, 0.0, 0.0, 0.0, 0.0, 0.0, 0.0, 0.034796, 0.0], 
            [0.017931701047999998, 0.0, 0.0, 0.0, 0.0, 0.0, 0.0, 0.0, 0.034796]
        ], 
        "C": [[0.0, 0.0, 0.0, 0.0, 0.0, 0.0, 0.0, 0.0, 0.0], [0.0, 0.0, 0.0, 0.0, 0.0, 0.0, 0.0, 0.0, 0.0], [0.0, 0.0, 0.0, 0.0, 0.0, 0.0, 0.0, 0.0, 0.0], [0.0, 0.0, 0.0, 0.0, 0.0, 0.0, 0.0, 0.0, 0.0], [0.0, 0.0, 0.0, 0.0, 0.0, 0.0, 0.0, 0.0, 0.0], [0.0, 0.0, 0.0, 0.0, 0.0, 0.0, 0.0, 0.0, 0.0], [0.0, 0.0, 0.0, 0.0, 0.0, 0.0, 0.0, 0.0, 0.0], [0.0, 0.0, 0.0, 0.0, 0.0, 0.0, 0.0, 0.0, 0.0], [0.0, 0.0, 0.0, 0.0, 0.0, 0.0, 0.0, 0.0, 0.0]], 
        "g": [0.0, -3.917750132884329, -3.071187827895681, 0.027681503420363508, -0.42912509926689, -6.327569603520149e-07, 0.0, 0.0, 0.0], 
        "J": [
            [0.0, -0.12705, -0.42705, 0.0, -0.42705, 0.0, 0.0, 0.0, 0.0], 
            [0.0, 0.0, 0.0, 0.42705, 0.0, 0.42705, 0.0, 0.0, 0.0], 
            [0.0, 0.0, 0.05955, 0.0, 0.35955000000000004, 0.0, 0.0, 0.0, 0.0], 
            [0.0, 0.0, 0.0, 1.0, 0.0, 1.0, 0.0, 0.0, 0.0], 
            [0.0, 1.0, 1.0, 0.0, 1.0, 0.0, 0.0, 0.0, 0.0], 
            [1.0, 0.0, 0.0, 0.0, 0.0, 0.0, 0.0, 0.0, 0.0]
        ]
        }, 

    "rx150": {
        "meshes": "~/Workspaces/interbotix_ws/src/interbotix_ros_manipulators/interbotix_ros_xsarms/interbotix_xsarm_descriptions/meshes/rx150_meshes/", 
        "urdf": "rx150.urdf", 
        "M": [[0.02742171088584827, -9.226954143286112e-06, -3.085408251602285e-07, -3.085408251602286e-07, -0.0002913217589574059, 0.0, 0.005601880736000001, 0.005601880736000001], [-9.226954143286112e-06, 0.04214853516748955, 0.022316140205184035, 0.009251036547926033, 9.066506490144405e-07, 0.0, 0.0, 0.0], [-3.085408251602285e-07, 0.022316140205184035, 0.018312567528884036, 0.007989211931626033, 9.076184807144404e-07, 0.0, 0.0, 0.0], [-3.085408251602286e-07, 0.009251036547926033, 0.007989211931626033, 0.005058694647376032, 9.105219758144404e-07, 0.0, 0.0, 0.0], [-0.0002913217589574059, 9.066506490144405e-07, 9.076184807144404e-07, 9.105219758144404e-07, 0.0030613555884428123, 1.1156076719763623e-06, 0.0, 0.0], [0.0, 0.0, 0.0, 0.0, 1.1156076719763623e-06, 1.1156076719763623e-06, 0.0, 0.0], [0.005601880736000001, 0.0, 0.0, 0.0, 0.0, 0.0, 0.016246, 0.0], [0.005601880736000001, 0.0, 0.0, 0.0, 0.0, 0.0, 0.0, 0.016246]], 
        "C": [[0.0, 0.0, 0.0, 0.0, 0.0, 0.0, 0.0, 0.0], [0.0, 0.0, 0.0, 0.0, 0.0, 0.0, 0.0, 0.0], [0.0, 0.0, 0.0, 0.0, 0.0, 0.0, 0.0, 0.0], [0.0, 0.0, 0.0, 0.0, 0.0, 0.0, 0.0, 0.0], [0.0, 0.0, 0.0, 0.0, 0.0, 0.0, 0.0, 0.0], [0.0, 0.0, 0.0, 0.0, 0.0, 0.0, 0.0, 0.0], [0.0, 0.0, 0.0, 0.0, 0.0, 0.0, 0.0, 0.0], [0.0, 0.0, 0.0, 0.0, 0.0, 0.0, 0.0, 0.0]], 
        "g": [0.0, -0.9805061181123722, -0.7183321630735502, -0.18678750370155003, 1.8988857953999996e-07, 0.0, 0.0, 0.0], 
        "J": [[0.0, -0.10457, -0.25456999999999996, -0.25456999999999996, 0.0, 0.0, 0.0, 0.0], [0.0, 0.0, 0.0, 0.0, 0.25456999999999996, 0.0, 0.0, 0.0], [0.0, 0.0, 0.05, 0.2, 0.0, 0.0, 0.0, 0.0], [0.0, 0.0, 0.0, 0.0, 1.0, 0.0, 0.0, 0.0], [0.0, 1.0, 1.0, 1.0, 0.0, 0.0, 0.0, 0.0], [1.0, 0.0, 0.0, 0.0, 0.0, 0.0, 0.0, 0.0]]
        }
}